Alexandre
1 4
4 5
6 8
1 23
1 37
5 24
2 39
3 18
3 52

Adélaïde
2 4
2 8
0 16
4 22
6 31
6 29
8 41
8 26
5 36

Sylvain
2 4
3 7 death 2 4
4 11
0 23
4.5 25
2.5 13
6.5 18
6.5 8
6.5 15

Jérôme
3 4
1 12
2 16
1 30
1 32
1 22
6 20
8 12 death 3 4
1 10

Annick
1 4
1 6
1 12 death 1 4
3 3
5.5 4
0.5 12
0.5 17
0.5 5
3.5 7

Etienne
1 4
2 7
5 9
6 15
4 24
9 5 death 1 4
0 14
2.5 4
4 2

Régis
3 4
0 13
9 14
3 28 death 2 4
0 13
4 15
3 23
4 7
4 11

Bénédicte
1 4
2 3
2 11
8 8
1.5 33 rupture death 1 4
2 7
6 8
3 8
1 20

Agnès
1 4
2 7
1.5 16
0 24
0.5 25
1 14
3.5 20 death 1 4
1.5 7
1 11

Gaëlle
2 4
0 12
2 16
4 25
1 38
2 26
3.5 26
0 24
4 18

Pierre
1 4
1 10
1.5 14
5 18
4 20
7 17 rupture
3 34
4 25
5 36
